10
14.0717 21.5404
22.5635 31.8522
16.9403 46.0287
9.1641 21.9322
0.2400 29.2961
16.4425 31.0135
14.7832 40.8186
7.6440 49.1469
25.7923 35.5644
4.4993 40.1338
18
3.9886 18.5222 2.6062 5.8317
12.0465 11.6573 17.3190 9.2309
16.3592 38.6352 8.4464 14.6618
9.8966 16.2603 6.6037 43.3757
4.6175 44.2695 21.1995 25.4567
1.2345 39.3491 15.8022 46.7973
8.1194 5.6807 28.6853 36.1759
0.4688 39.1196 28.6763 28.1342
10.7737 23.2210 19.3808 43.4998
15.0761 31.5653 25.1957 26.8192
5.5577 18.3646 29.3359 43.9020
23.4870 0.6998 23.0653 4.6811
28.0241 9.6989 17.6990 44.3727
28.9715 17.8384 21.2188 41.1815
25.1778 32.4843 24.6963 27.8815
30.0850 28.6175 13.5519 45.9259
28.2494 32.9598 29.3743 31.1148
0.8987 37.1594 11.4482 23.2285