10
15.6646 7.1664
15.2428 3.8467
4.2129 1.9308
20.2861 37.1850
19.9905 0.6372
0.4226 40.6520
13.2328 28.9372
18.8466 41.3900
1.3323 31.2025
9.3949 19.4488
15
5.7192 3.5479 14.6547 44.6018
20.0023 34.8404 19.6038 9.6207
11.5285 29.2510 16.1527 21.6753
13.7453 41.7218 11.5249 46.2539
19.6189 17.9741 21.4212 11.2026
29.6917 38.7089 4.8450 26.3000
26.1265 30.3575 19.1952 39.5744
24.9914 44.4803 23.0645 17.5442
24.1276 19.0046 12.1580 32.8371
17.7888 5.7320 5.3047 18.3391
24.5560 47.0107 28.9114 22.2079
9.6352 12.2310 29.7998 14.9420
27.3110 33.5807 7.1615 38.1880
27.3886 6.9484 3.4844 12.0048
22.2049 48.4546 30.2719 4.2195